21
27
80
30
58
58
23
4
1
89
80
35
37
51
75
79
46
6
90
60
36
22
54
45
2
99
86
17
64
60
50
17
40
94
31
18
50
29
33
74
73
29
38
49
36
93
7
14
19
44
13
94
36
98
61
30
86
22
22
96
87
36
87
47
45
50
38
79
60
15
97
94
49
70
22
3
91
39
98
90
8
3
7
50
65
18
67
54
33
18
34
79
73
22
88
63
55
12
59
1
4
12
87
26
80
48
72
85
48
59
26
22
97
41
7
14
65
58
28
72
57
98
13
83
90
5
14
45
63
14
29
51
48
23
90
28
83
37
49
31
77
85
86
7
38
63
23
47
12
3
15
35
8
78
84
87
17
18
6
65
34
69
43
37
44
26
89
86
39
1
68
25
89
28
6
73
94
9
9
72
33
19
33
53
8
50
51
57
51
91
49
19
4
70
74
71
15
21
29
79
55
34
2
38
38
61
8
71
9
31
82
52
88
56
47
60
21
51
36
97
81
23
72
55
24
57
71
4
30
31
33
23
39
10
43
97
33
100
68
6
21
77
41
13
77
74
76
47
1
12
24
5
26
65
10
50
27
41
4
37
96
5
38
38
26
61
85
89
86
95
97
77
95
38
36
89
60
21
70
62
34
42
39
6
72
4
68
91
3
70
34
2
29
93
53
34
22
6
85
30
75
4
96
12
79
14
21
6
65
86
95
65
12
15
27
90
18
83
92
26
54
30
79
60
27
9
18
81
72
9
21
41
37
69
40
40
84
44
68
67
76
74
16
54
98
73
67
80
51
95
80
45
61
86
57
52
3
100
82
78
6
47
58
59
31
25
54
7
56
37
9
73
44
46
17
6
76
6
41
58
30
85
34
58
74
65
27
74
53
22
6
47
100
32
93
86
55
13
64
18
10
13
88
95
66
82
33
91
71
47
87
32
6
47
72
83
80
43
18
65
98
27
1
28
100
35
63
49
25
46
34
15
62
74
83
19
38
94
63
29
54
82
69
99
23
64
6
7
3
93
68
12
83
35
36
40
11
12
83
56
70
6
7
71
94
96
17
83
71
80
83
13
33
46
56
78
9
51
26
7
12
26
87
6
56
56
35
85
34
16
61
51
34
74
48
24
51
77
73
49
52
27
27
90
85
90
30
59
73
87
12
32
78
27
86
55
2
4
32
44
76
99
2
85
25
28
99
47
24
96
61
38
32
73
91
89
43
50
66
3
33
39
54
48
21
24
71
82
29
22
48
40
59
5
11
90
85
80
24
65
51
93
9
60
90
82
89
73
32
29
82
45
61
99
83
81
22
55
83
6
53
74
35
72
3
37
91
86
7
24
46
68
87
37
98
97
60
58
11
58
72
89
54
75
92
98
67
53
51
8
93
48
13
34
93
74
82
25
93
69
79
47
5
91
20
44
82
62
35
10
57
22
46
91
71
37
99
58
81
8
3
10
72
4
99
78
82
82
81
86
84
33
65
50
75
48
66
14
86
68
20
96
33
1
10
50
23
36
60
95
76
32
31
93
84
99
80
75
1
82
53
38
75
66
27
93
98
29
28
25
82
54
59
24
93
62
42
3
76
93
21
51
84
78
22
95
40
87
71
27
16
96
8
11
32
67
12
98
74
14
47
15
63
92
31
28
4
13
29
10
49
38
70
5
19
23
50
74
49
73
91
85
55
75
46
45
84
97
79
49
76
70
19
53
45
76
55
40
77
31
47
99
44
100
42
25
34
13
1
42
58
12
86
100
69
14
53
2
11
35
79
85
51
23
29
4
85
73
99
29
95
100
10
68
98
12
28
26
79
48
61
18
25
10
55
36
50
1
48
86
93
50
26
95
11
29
98
73
11
51
13
25
18
86
40
62
91
42
84
8
61
59
95
73
83
62
53
79
78
38
16
31
63
81
42
65
1
25
35
98
5
82
81
6
38
67
96
13
93
77
41
14
18
23
30
97
12
20
51
49
46
68
97
63
99
22
1
29
21
19
84
3
12
57
49
49
1
43
85
13
88
82
68
54
96
50
58
32
47
76
68
15
27
53
53
95
86
18
94
33
11
20
80
70
33
61
91
77
53
81
97
95
56
96
88
64
27
7
59
55
66
19
55
95
95
87
68
1
90
96
55
23
85
85
68
91
42
96
80
60
1
47
45
38
82
42
71
36
90
53
57
58
13
87
35
32
98
59
64
20
44
12
67
2
96
92
26
83
69
77
39
37
47
20
15
1
71
29
92
38
19
55
100
68
60
19
100
30
83
100
